6.42
2.05
1.55
1.14
2.2
1.72
5.16
13.88
1.14
1.18
4.96
3.0
43.46
19.31
1.3
1.45
1.46
2.68
3.96
1.33
1.36
2.07
2.04
3.48
32.89
1.61
25.85
3.1
1.08
1.2
1.5
1.32
1.71
1.29
8.56
2.16
1.68
2.81
2.33
2.26
9.78
1.45
1.42
2.1
2.19
3.18
5.25
11.32
3.32
2.61
7.3
1.36
2.81
126.42
1.5
1.56
1.17
1.69
24.14
1.44
4.43
1.42
1.81
2.39
1.35
1.34
1.36
7.14
3.57
2.18
1.14
1.27
1.08
1.04
1.45
1.24
2.99
10.38
1.31
1.36
2.48
1.87
6.57
17.72
2.74
1.3
1.39
1.76
1.78
8.13
4.79
2.69
2.18
1.07
4.08
1.0
3.51
1.2
1.01
2.25
1.41
1.95
1.76
1.4
1.37
1.5
13.33
1.65
1.12
1.26
1.4
2.13
1.58
1.54
1.1
1.02
1.29
6.42
9.36
12.19
51.25
5.47
1.46
27.51
2.73
1.38
1.08
1.18
1.76
20.72
1.02
8.51
18.32
3.4
2.01
1.58
1.39
2.46
1.3
1.13
1.32
6.96
1.16
2.19
2.65
50.59
4.44
9.06
1.74
2.64
3.34
4.09
1.78
1.37
3.45
4.24
8.67
5.72
2.63
2.29
1.36
4.46
3.69
1.76
2.73
1.94
1.52
3.6
1.03
19.99
7.3
1.77
1.04
16.62
1.32
6.22
3.39
1.75
1.11
1.23
21.68
1.53
3.51
5.94
3.78
8.84
1.83
5.22
56.12
2.27
2.24
1.99
1.76
6.2
9.36
1.78
2.65
5.24
1.63
1.07
2.63
1414.87
1.66
1.88
1.21
1.17
2.51
103.5
4.7
1.94
1.13
2.76
17.04
21.04
1.57
2.47
3.6
1.11
1.41
1.18
3.56
2.56
3.85
1.1
1.27
2.06
7.04
1.27
1.3
1.16
2.52
8.51
1.44
2.7
6.36
1.52
29.14
8.8
4.02
1.96
4.73
6.96
3.47
2.86
2.41
4.7
1.5
1.82
5.1
2.46
1.94
1.26
7.93
33.58
4.69
1.8
2.62
1.92
1.97
1.16
2.16
1.29
1.61
3.65
5.64
1.33
7.57
1.79
1.74
13.43
3.85
1.92
1.24
10.69
3.64
2.94
1.18
3.67
29.01
5.73
2.62
12.98
385.11
1.31
1.24
1.07
5.4
3.67
2.23
1.18
1.33
1.34
3.0
1.0
1.27
3.24
2.31
55.22
2.06
1.0
1.39
1.02
1.33
1.13
3.32
36.65
4.06
7.76
16.49
5.68
2.8
1.04
3.31
1.4
1.42
1.27
4.89
1.26
1.16
1.11
6.37
1.19
1.11
1.4
5.56
1.26
4.44
3.2
2.53
3.57
3.13
1.41
2.17
5.92
1.2
5.91
4.68
18.05
1.23
1.95
4.07
1.05
4.78
6.94
1.66
1.19
2.19
3.26
1.01
1.85
1.0
1.73
2.05
1.02
1.41
2.69
1.7
1.6
1.22
1.15
1.14
1.25
2.34
1.44
1.28
1.21
4.69
1.56
4.56
29.62
1.07
1.64
2.86
11.37
1.24
1.06
2.45
1.34
1.18
1.0
2.8
2.55
33.44
3.45
1.6
1.0
1.39
1.03
2.36
2.27
1.16
1.02
2.23
4.05
19.97
76.04
15.0
1.98
3.34
7.12
1.96
1.69
4.65
1.3
6.87
1.15
3.12
1.39
4.56
1.74
1.8
2.45
7.7
23.13
1.13
1.16
1.26
5.27
3.23
6.93
2.15
1.71
1.06
1.77
4.78
1.22
2.62
36.51
1.31
1.1
1.46
7.94
6.96
2.09
1.64
1.18
3.77
1.3
1.25
1.03
1.0
1.53
4.37
5.99
1.59
1.77
1.46
2.19
1.05
11.35
19.85
1.06
52.18
5.26
2.65
1.7
1.17
3.62
2.94
1.3
1.56
2.6
3.41
1.2
3.91
2.88
7.42
7.19
1.33
1.13
1.3
1.19
2.16
13.04
1.03
1.86
1.12
2.86
1.35
1.33
1.85
1.12
1.56
1.05
1.39
2.9
1.06
1.38
1.84
1.24
3.52
2.83
1.96
1.39
1.4
1.05
1.06
1.54
1.05
1.47
1.15
1.72
2.21
1.53
1.99
1.05
1.44
1.13
2.58
1.33
2.38
3.65
1.29
5.71
2.58
1.08
1.75
1.25
1.6
4.62
2.39
1.42
1.06
1.22
1.28
1.08
40.88
1.39
1.98
3.81
3.28
4.95
1.01
79.4
1.14
1.44
3.75
1.4
2.24
4.02
29.62
1.0
2.84
2.12
1.09
14.65
2.71
1.47
1.34
5.38
12.21
1.32
5.31
1.01
1.03
1.66
1.57
1.91
1.4
2.27
5.94
3.98
596.18
1.7
13.58
3.05
2.23
1.2
1.15
2.04
2.57
3.46
2.1
4.14
1.63
2.33
14.63
3.17
3.17
4.91
3.46
7.15
12.5
113.26
2.52
12.97
5.54
2.22
5.0
5.41
1.06
2.78
3.25
19.03
1.35
1.22
1.34
1.26
1.21
1.1
1.14
1.0
1.01
2.27
3.92
2.84
1.39
1.96
4.19
3.37
6.76
1.02
19.34
1.32
1.34
1.0
1.02
1.11
6.36
6.65
1.18
1.22
18.46
2.03
29.67
3.2
5.0
1.33
5.53
1.39
8.4
2.84
1.28
1.43
3.63
3.52
1.21
2.22
1.0
1.31
1.26
1.27
1.11
2.93
1.14
11.31
1.13
9.89
1.04
7.08
11.59
2.13
3.55
2.0
1.03
1.89
13.39
2.02
1.27
9.32
1.03
3.23
3.13
1.29
8.36
5.89
1.0
1.69
17.14
1.97
1.36
1.03
1.03
1.02
1.44
1.55
1.21
3000.0
4.23
5.05
1.2
1.41
1.45
1.23
21.44
1.28
6.59
4.74
1.0
1.37
2.27
2.63
11.74
22.71
1.58
25.61
3.53
14.51
4.21
1.02
1.28
2.6
1.04
5.46
1.23
1.89
2.63
4.17
15.57
1.64
1.23
1.29
1.89
2.37
2.35
1.48
4.67
32.09
8.42
1.43
2.4
1.71
1.15
1.09
1.2
3.06
3.96
1.13
1.99
6.32
1.01
2.88
1.89
16.79
6.61
1.08
2.7
11.74
4.75
3.5
5.22
2.96
8.79
2.98
65.88
1.65
3.09
1.95
1.16
5.87
3.45
2.99
2.34
1.03
2.05
9.72
3.44
4.21
2.99
2.52
4.4
3.95
1.1
1.06
1.81
1.65
1.26
1.21
1.19
2.36
3.46
2.29
1.24
7.02
5.09
4.5
1.15
1.18
1.29
1.37
5.14
1.18
1.28
2.22
7.48
1.04
2.65
2.04
2.39
1.0
1.53
2.36
2.17
5.74
1.07
18.63
1.74
10.81
1.16
3.8
7.97
1.59
11.66
3.25
1.23
1.24
1.03
1.13
1.71
2.11
5.83
2.48
2.25
7.19
1.77
1.58
1.76
2.23
4.07
1.58
1.5
4.29
1.59
1.88
1.9
2.2
2.16
1.46
2.83
3.93
1.33
11.02
3.6
3.6
2.15
4.18
42.94
2.29
21.76
11.87
1.74
1.57
1.0
1.18
1.62
2.99
2.5
1.0
9.14
1.75
1.97
1.81
1.3
3.32
1.99
1.66
1.18
7.32
1.36
5.12
4.18
1.22
2.07
1.32
2.42
1.62
1.91
1.54
2.46
2.92
2.07
13.83
1.08
1.19
2.39
10.27
4.59
1.26
2.0
23.85
1.0
1.0
637.11
2.72
8.12
3.25
1.0
1.57
1.0
1.55
1.0
1.34
2.11
2.72
1.56
3.22
1.13
5.59
12.57
3.07
1.41
1.06
4.17
4.33
10.75
39.93
3.6
7.1
1.72
1.06
3.01
9.14
1.47
11.15
3.74
1.45
1.15
1.62
6.26
12.99
1.14
2.1
1.13
3.26
1.0
1.2
2.85
1.08
2.94
3.05
1.58
4.91
1.59
1.41
2.0
1.3
8.2
1.2
1.07
1.25
2.3
